#RTP OL_Test
#t	n	$u$	$v$	$y$
0	0	0	0	0
0.002	1	0	0	0
0.004	2	0	0	0
0.006	3	0	0	0
0.008	4	0	0	0
0.01	5	0	0	0
0.012	6	0	0	0
0.014	7	0	0	0
0.016	8	0	0	0
0.018	9	0	0	0
0.02	10	0	0	0
0.022	11	0	0	0
0.024	12	0	0	0
0.026	13	0	0	0
0.028	14	0	0	0
0.03	15	0	0	0
0.032	16	0	0	0
0.034	17	0	0	0
0.036	18	0	0	0
0.038	19	0	0	0
0.04	20	0	0	0
0.042	21	0	0	0
0.044	22	0	0	0
0.046	23	0	0	0
0.048	24	0	0	0
0.05	25	0	0	0
0.052	26	0	0	0
0.054	27	0	0	0
0.056	28	0	0	0
0.058	29	0	0	0
0.06	30	0	0	0
0.062	31	0	0	0
0.064	32	0	0	0
0.066	33	0	0	0
0.068	34	0	0	0
0.07	35	0	0	0
0.072	36	0	0	0
0.074	37	0	0	0
0.076	38	0	0	0
0.078	39	0	0	0
0.08	40	0	0	0
0.082	41	0	0	0
0.084	42	0	0	0
0.086	43	0	0	0
0.088	44	0	0	0
0.09	45	0	0	0
0.092	46	0	0	0
0.094	47	0	0	0
0.096	48	0	0	0
0.098	49	0	0	0
0.1	50	200	200	0
0.102	51	200	200	0
0.104	52	200	200	0
0.106	53	200	200	1
0.108	54	200	200	3
0.11	55	200	200	6
0.112	56	200	200	10
0.114	57	200	200	15
0.116	58	200	200	21
0.118	59	200	200	27
0.12	60	0	-52	35
0.122	61	0	-66	44
0.124	62	0	-79	53
0.126	63	0	-93	62
0.128	64	0	-105	70
0.13	65	0	-117	78
0.132	66	0	-127	85
0.134	67	0	-136	91
0.136	68	0	-144	96
0.138	69	0	-150	100
0.14	70	0	-156	104
0.142	71	0	-159	106
0.144	72	0	-162	108
0.146	73	0	-163	109
0.148	74	0	-163	109
0.15	75	0	-163	109
0.152	76	0	-160	107
0.154	77	0	-157	105
0.156	78	0	-153	102
0.158	79	0	-147	98
0.16	80	0	-139	93
0.162	81	0	-132	88
0.164	82	0	-121	81
0.166	83	0	-112	75
0.168	84	0	-100	67
0.17	85	0	-90	60
0.172	86	0	-76	51
0.174	87	0	-64	43
0.176	88	0	-51	34
0.178	89	0	-37	25
0.18	90	0	-24	16
0.182	91	0	-10	7
0.184	92	0	3	-2
0.186	93	0	15	-10
0.188	94	0	28	-19
0.19	95	0	42	-28
0.192	96	0	54	-36
0.194	97	0	64	-43
0.196	98	0	76	-51
0.198	99	0	85	-57
0.2	100	0	94	-63
0.202	101	0	103	-69
0.204	102	0	109	-73
0.206	103	0	115	-77
0.208	104	0	120	-80
0.21	105	0	124	-83
0.212	106	0	126	-84
0.214	107	0	127	-85
0.216	108	0	127	-85
0.218	109	0	126	-84
0.22	110	0	123	-82
0.222	111	0	118	-79
0.224	112	0	114	-76
0.226	113	0	108	-72
0.228	114	0	100	-67
0.23	115	0	93	-62
0.232	116	0	84	-56
0.234	117	0	75	-50
0.236	118	0	66	-44
0.238	119	0	55	-37
0.24	120	0	43	-29
0.242	121	0	33	-22
0.244	122	0	22	-15
0.246	123	0	10	-7
0.248	124	0	0	0
0.25	125	0	-12	8
0.252	126	0	-22	15
0.254	127	0	-33	22
0.256	128	0	-42	28
0.258	129	0	-52	35
0.26	130	0	-60	40
0.262	131	0	-69	46
0.264	132	0	-76	51
0.266	133	0	-82	55
0.268	134	0	-88	59
0.27	135	0	-93	62
0.272	136	0	-97	65
0.274	137	0	-99	66
0.276	138	0	-100	67
0.278	139	0	-102	68
0.28	140	0	-102	68
0.282	141	0	-100	67
0.284	142	0	-99	66
0.286	143	0	-94	63
0.288	144	0	-91	61
0.29	145	0	-85	57
0.292	146	0	-81	54
0.294	147	0	-73	49
0.296	148	0	-67	45
0.298	149	0	-60	40
0.3	150	0	-51	34
0.302	151	0	-43	29
0.304	152	0	-34	23
0.306	153	0	-25	17
0.308	154	0	-16	11
0.31	155	0	-7	5
0.312	156	0	1	-1
0.314	157	0	9	-6
0.316	158	0	18	-12
0.318	159	0	27	-18
0.32	160	0	34	-23
0.322	161	0	42	-28
0.324	162	0	48	-32
0.326	163	0	55	-37
0.328	164	0	60	-40
0.33	165	0	64	-43
0.332	166	0	69	-46
0.334	167	0	72	-48
0.336	168	0	75	-50
0.338	169	0	78	-52
0.34	170	0	78	-52
0.342	171	0	79	-53
0.344	172	0	79	-53
0.346	173	0	76	-51
0.348	174	0	75	-50
0.35	175	0	72	-48
0.352	176	0	67	-45
0.354	177	0	63	-42
0.356	178	0	58	-39
0.358	179	0	52	-35
0.36	180	0	46	-31
0.362	181	0	40	-27
0.364	182	0	34	-23
0.366	183	0	27	-18
0.368	184	0	19	-13
0.37	185	0	13	-9
0.372	186	0	6	-4
0.374	187	0	-1	1
0.376	188	0	-7	5
0.378	189	0	-15	10
0.38	190	0	-21	14
0.382	191	0	-27	18
0.384	192	0	-33	22
0.386	193	0	-37	25
0.388	194	0	-43	29
0.39	195	0	-48	32
0.392	196	0	-51	34
0.394	197	0	-54	36
0.396	198	0	-57	38
0.398	199	0	-58	39
0.4	200	0	-60	40
0.402	201	0	-61	41
0.404	202	0	-61	41
0.406	203	0	-61	41
0.408	204	0	-60	40
0.41	205	0	-58	39
0.412	206	0	-55	37
0.414	207	0	-52	35
0.416	208	0	-49	33
0.418	209	0	-45	30
0.42	210	0	-40	27
0.422	211	0	-36	24
0.424	212	0	-31	21
0.426	213	0	-27	18
0.428	214	0	-21	14
0.43	215	0	-16	11
0.432	216	0	-10	7
0.434	217	0	-4	3
0.436	218	0	0	0
0.438	219	0	6	-4
0.44	220	0	10	-7
0.442	221	0	16	-11
0.444	222	0	21	-14
0.446	223	0	25	-17
0.448	224	0	30	-20
0.45	225	0	33	-22
0.452	226	0	36	-24
0.454	227	0	39	-26
0.456	228	0	42	-28
0.458	229	0	43	-29
0.46	230	0	45	-30
0.462	231	0	46	-31
0.464	232	0	48	-32
0.466	233	0	48	-32
0.468	234	0	48	-32
0.47	235	0	48	-32
0.472	236	0	46	-31
0.474	237	0	46	-31
0.476	238	0	43	-29
0.478	239	0	42	-28
0.48	240	0	40	-27
0.482	241	0	37	-25
0.484	242	0	34	-23
0.486	243	0	31	-21
0.488	244	0	28	-19
0.49	245	0	25	-17
0.492	246	0	21	-14
0.494	247	0	16	-11
0.496	248	0	13	-9
0.498	249	0	9	-6
0.5	250	0	4	-3
0.502	251	0	1	-1
0.504	252	0	-3	2
0.506	253	0	-7	5
0.508	254	0	-10	7
0.51	255	0	-13	9
0.512	256	0	-16	11
0.514	257	0	-21	14
0.516	258	0	-24	16
0.518	259	0	-25	17
0.52	260	0	-28	19
0.522	261	0	-30	20
0.524	262	0	-31	21
0.526	263	0	-33	22
0.528	264	0	-33	22
0.53	265	0	-33	22
0.532	266	0	-33	22
0.534	267	0	-31	21
0.536	268	0	-31	21
0.538	269	0	-30	20
0.54	270	0	-28	19
0.542	271	0	-25	17
0.544	272	0	-24	16
0.546	273	0	-21	14
0.548	274	0	-18	12
0.55	275	0	-16	11
0.552	276	0	-13	9
0.554	277	0	-10	7
0.556	278	0	-7	5
0.558	279	0	-4	3
0.56	280	0	-1	1
0.562	281	0	1	-1
0.564	282	0	3	-2
0.566	283	0	6	-4
0.568	284	0	9	-6
0.57	285	0	10	-7
0.572	286	0	13	-9
0.574	287	0	15	-10
0.576	288	0	16	-11
0.578	289	0	18	-12
0.58	290	0	19	-13
0.582	291	0	21	-14
0.584	292	0	22	-15
0.586	293	0	24	-16
0.588	294	0	24	-16
0.59	295	0	25	-17
0.592	296	0	25	-17
0.594	297	0	25	-17
0.596	298	0	25	-17
0.598	299	0	25	-17
0.6	300	0	24	-16
0.602	301	0	24	-16
0.604	302	0	22	-15
0.606	303	0	21	-14
0.608	304	0	19	-13
0.61	305	0	18	-12
0.612	306	0	16	-11
0.614	307	0	15	-10
0.616	308	0	13	-9
0.618	309	0	12	-8
0.62	310	0	10	-7
0.622	311	0	9	-6
0.624	312	0	7	-5
0.626	313	0	4	-3
0.628	314	0	3	-2
0.63	315	0	1	-1
0.632	316	0	-1	1
0.634	317	0	-3	2
0.636	318	0	-4	3
0.638	319	0	-6	4
0.64	320	0	-7	5
0.642	321	0	-9	6
0.644	322	0	-10	7
0.646	323	0	-10	7
0.648	324	0	-12	8
0.65	325	0	-12	8
0.652	326	0	-13	9
0.654	327	0	-13	9
0.656	328	0	-13	9
0.658	329	0	-13	9
0.66	330	0	-13	9
0.662	331	0	-13	9
0.664	332	0	-13	9
0.666	333	0	-13	9
0.668	334	0	-12	8
0.67	335	0	-12	8
0.672	336	0	-12	8
0.674	337	0	-10	7
0.676	338	0	-10	7
0.678	339	0	-10	7
0.68	340	0	-9	6
0.682	341	0	-7	5
0.684	342	0	-7	5
0.686	343	0	-6	4
0.688	344	0	-4	3
0.69	345	0	-3	2
0.692	346	0	-3	2
0.694	347	0	-1	1
0.696	348	0	0	0
0.698	349	0	1	-1
0.7	350	0	3	-2
0.702	351	0	4	-3
0.704	352	0	4	-3
0.706	353	0	6	-4
0.708	354	0	6	-4
0.71	355	0	7	-5
0.712	356	0	7	-5
0.714	357	0	7	-5
0.716	358	0	7	-5
0.718	359	0	7	-5
0.72	360	0	7	-5
0.722	361	0	6	-4
0.724	362	0	6	-4
0.726	363	0	6	-4
0.728	364	0	4	-3
0.73	365	0	4	-3
0.732	366	0	3	-2
0.734	367	0	3	-2
0.736	368	0	1	-1
0.738	369	0	0	0
0.74	370	0	0	0
0.742	371	0	-1	1
0.744	372	0	-1	1
0.746	373	0	-3	2
0.748	374	0	-3	2
0.75	375	0	-3	2
0.752	376	0	-3	2
0.754	377	0	-4	3
0.756	378	0	-4	3
0.758	379	0	-4	3
0.76	380	0	-4	3
0.762	381	0	-4	3
0.764	382	0	-3	2
0.766	383	0	-3	2
0.768	384	0	-3	2
0.77	385	0	-1	1
0.772	386	0	-1	1
0.774	387	0	-1	1
0.776	388	0	0	0
0.778	389	0	0	0
0.78	390	0	0	0
0.782	391	0	1	-1
0.784	392	0	1	-1
0.786	393	0	1	-1
0.788	394	0	1	-1
0.79	395	0	1	-1
0.792	396	0	1	-1
0.794	397	0	1	-1
0.796	398	0	1	-1
0.798	399	0	1	-1
0.8	400	0	1	-1
0.802	401	0	1	-1
0.804	402	0	1	-1
0.806	403	0	0	0
0.808	404	0	0	0
0.81	405	0	0	0
0.812	406	0	0	0
0.814	407	0	0	0
0.816	408	0	0	0
0.818	409	0	0	0
0.82	410	0	0	0
0.822	411	0	0	0
0.824	412	0	-1	1
0.826	413	0	-1	1
0.828	414	0	-1	1
0.83	415	0	-1	1
0.832	416	0	-1	1
0.834	417	0	-1	1
0.836	418	0	-1	1
0.838	419	0	-1	1
0.84	420	0	-1	1
0.842	421	0	-1	1
0.844	422	0	-1	1
0.846	423	0	-1	1
0.848	424	0	-1	1
0.85	425	0	-1	1
0.852	426	0	-1	1
0.854	427	0	-1	1
0.856	428	0	-1	1
0.858	429	0	-1	1
0.86	430	0	-1	1
0.862	431	0	-1	1
0.864	432	0	-1	1
0.866	433	0	-1	1
0.868	434	0	-1	1
0.87	435	0	-1	1
0.872	436	0	-1	1
0.874	437	0	-1	1
0.876	438	0	-1	1
0.878	439	0	-1	1
0.88	440	0	-1	1
0.882	441	0	-1	1
0.884	442	0	-1	1
0.886	443	0	-1	1
0.888	444	0	-1	1
0.89	445	0	-1	1
0.892	446	0	-1	1
0.894	447	0	-1	1
0.896	448	0	-1	1
0.898	449	0	-1	1
0.9	450	0	-1	1
0.902	451	0	-1	1
0.904	452	0	-1	1
0.906	453	0	-1	1
0.908	454	0	-1	1
0.91	455	0	-1	1
0.912	456	0	-1	1
0.914	457	0	-1	1
0.916	458	0	-1	1
0.918	459	0	-1	1
0.92	460	0	-1	1
0.922	461	0	-1	1
0.924	462	0	-1	1
0.926	463	0	-1	1
0.928	464	0	-1	1
0.93	465	0	-1	1
0.932	466	0	-1	1
0.934	467	0	-1	1
0.936	468	0	-1	1
0.938	469	0	-1	1
0.94	470	0	-1	1
0.942	471	0	-1	1
0.944	472	0	-1	1
0.946	473	0	-1	1
0.948	474	0	-1	1
0.95	475	0	-1	1
0.952	476	0	-1	1
0.954	477	0	-1	1
0.956	478	0	-1	1
0.958	479	0	-1	1
0.96	480	0	-1	1
0.962	481	0	-1	1
0.964	482	0	-1	1
0.966	483	0	-1	1
0.968	484	0	-1	1
0.97	485	0	-1	1
0.972	486	0	-1	1
0.974	487	0	-1	1
0.976	488	0	-1	1
0.978	489	0	-1	1
0.98	490	0	-1	1
0.982	491	0	-1	1
0.984	492	0	-1	1
0.986	493	0	-1	1
0.988	494	0	-1	1
0.99	495	0	-1	1
0.992	496	0	-1	1
0.994	497	0	-1	1
0.996	498	0	-1	1
0.998	499	0	-1	1
1	500	0	-1	1
1.002	501	0	-1	1
1.004	502	0	-1	1
1.006	503	0	-1	1
1.008	504	0	-1	1
1.01	505	0	-1	1
1.012	506	0	-1	1
1.014	507	0	-1	1
1.016	508	0	-1	1
1.018	509	0	-1	1
1.02	510	0	-1	1
1.022	511	0	-1	1
1.024	512	0	-1	1
1.026	513	0	-1	1
1.028	514	0	-1	1
1.03	515	0	-1	1
1.032	516	0	-1	1
1.034	517	0	-1	1
1.036	518	0	-1	1
1.038	519	0	-1	1
1.04	520	0	-1	1
1.042	521	0	-1	1
1.044	522	0	-1	1
1.046	523	0	-1	1
1.048	524	0	-1	1
1.05	525	0	-1	1
1.052	526	0	-1	1
1.054	527	0	-1	1
1.056	528	0	-1	1
1.058	529	0	-1	1
1.06	530	0	-1	1
1.062	531	0	-1	1
1.064	532	0	-1	1
1.066	533	0	-1	1
1.068	534	0	-1	1
1.07	535	0	-1	1
1.072	536	0	-1	1
1.074	537	0	-1	1
1.076	538	0	-1	1
1.078	539	0	-1	1
1.08	540	0	-1	1
1.082	541	0	-1	1
1.084	542	0	-1	1
1.086	543	0	-1	1
1.088	544	0	-1	1
1.09	545	0	-1	1
1.092	546	0	-1	1
1.094	547	0	-1	1
1.096	548	0	-1	1
1.098	549	0	-1	1
1.1	550	0	-1	1
1.102	551	0	-1	1
1.104	552	0	-1	1
1.106	553	0	-1	1
1.108	554	0	-1	1
1.11	555	0	-1	1
1.112	556	0	-1	1
1.114	557	0	-1	1
1.116	558	0	-1	1
1.118	559	0	-1	1
1.12	560	0	-1	1
1.122	561	0	-1	1
1.124	562	0	-1	1
1.126	563	0	-1	1
1.128	564	0	-1	1
1.13	565	0	-1	1
1.132	566	0	-1	1
1.134	567	0	-1	1
1.136	568	0	-1	1
1.138	569	0	-1	1
1.14	570	0	-1	1
1.142	571	0	-1	1
1.144	572	0	-1	1
1.146	573	0	-1	1
1.148	574	0	-1	1
1.15	575	0	-1	1
1.152	576	0	-1	1
1.154	577	0	-1	1
1.156	578	0	-1	1
1.158	579	0	-1	1
1.16	580	0	-1	1
1.162	581	0	-1	1
1.164	582	0	-1	1
1.166	583	0	-1	1
1.168	584	0	-1	1
1.17	585	0	-1	1
1.172	586	0	-1	1
1.174	587	0	-1	1
1.176	588	0	-1	1
1.178	589	0	-1	1
1.18	590	0	-1	1
1.182	591	0	-1	1
1.184	592	0	-1	1
1.186	593	0	-1	1
1.188	594	0	-1	1
1.19	595	0	-1	1
1.192	596	0	-1	1
1.194	597	0	-1	1
1.196	598	0	-1	1
1.198	599	0	-1	1
1.2	600	0	-1	1
1.202	601	0	-1	1
1.204	602	0	-1	1
1.206	603	0	-1	1
1.208	604	0	-1	1
1.21	605	0	-1	1
1.212	606	0	-1	1
1.214	607	0	-1	1
1.216	608	0	-1	1
1.218	609	0	-1	1
1.22	610	0	-1	1
1.222	611	0	-1	1
1.224	612	0	-1	1
1.226	613	0	-1	1
1.228	614	0	-1	1
1.23	615	0	-1	1
1.232	616	0	-1	1
1.234	617	0	-1	1
1.236	618	0	-1	1
1.238	619	0	-1	1
1.24	620	0	-1	1
1.242	621	0	-1	1
1.244	622	0	-1	1
1.246	623	0	-1	1
1.248	624	0	-1	1
1.25	625	0	-1	1
1.252	626	0	-1	1
1.254	627	0	-1	1
1.256	628	0	-1	1
1.258	629	0	-1	1
1.26	630	0	-1	1
1.262	631	0	-1	1
1.264	632	0	-1	1
1.266	633	0	-1	1
1.268	634	0	-1	1
1.27	635	0	-1	1
1.272	636	0	-1	1
1.274	637	0	-1	1
1.276	638	0	-1	1
1.278	639	0	-1	1
1.28	640	0	-1	1
1.282	641	0	-1	1
1.284	642	0	-1	1
1.286	643	0	-1	1
1.288	644	0	-1	1
1.29	645	0	-1	1
1.292	646	0	-1	1
1.294	647	0	-1	1
1.296	648	0	-1	1
1.298	649	0	-1	1
1.3	650	0	-1	1
1.302	651	0	-1	1
1.304	652	0	-1	1
1.306	653	0	-1	1
1.308	654	0	-1	1
1.31	655	0	-1	1
1.312	656	0	-1	1
1.314	657	0	-1	1
1.316	658	0	-1	1
1.318	659	0	-1	1
1.32	660	0	-1	1
1.322	661	0	-1	1
1.324	662	0	-1	1
1.326	663	0	-1	1
1.328	664	0	-1	1
1.33	665	0	-1	1
1.332	666	0	-1	1
1.334	667	0	-1	1
1.336	668	0	-1	1
1.338	669	0	-1	1
1.34	670	0	-1	1
1.342	671	0	-1	1
1.344	672	0	-1	1
1.346	673	0	-1	1
1.348	674	0	-1	1
1.35	675	0	-1	1
1.352	676	0	-1	1
1.354	677	0	-1	1
1.356	678	0	-1	1
1.358	679	0	-1	1
1.36	680	0	-1	1
1.362	681	0	-1	1
1.364	682	0	-1	1
1.366	683	0	-1	1
1.368	684	0	-1	1
1.37	685	0	-1	1
1.372	686	0	-1	1
1.374	687	0	-1	1
1.376	688	0	-1	1
1.378	689	0	-1	1
1.38	690	0	-1	1
1.382	691	0	-1	1
1.384	692	0	-1	1
1.386	693	0	-1	1
1.388	694	0	-1	1
1.39	695	0	-1	1
1.392	696	0	-1	1
1.394	697	0	-1	1
1.396	698	0	-1	1
1.398	699	0	-1	1
1.4	700	0	-1	1
1.402	701	0	-1	1
1.404	702	0	-1	1
1.406	703	0	-1	1
1.408	704	0	-1	1
1.41	705	0	-1	1
1.412	706	0	-1	1
1.414	707	0	-1	1
1.416	708	0	-1	1
1.418	709	0	-1	1
1.42	710	0	-1	1
1.422	711	0	-1	1
1.424	712	0	-1	1
1.426	713	0	-1	1
1.428	714	0	-1	1
1.43	715	0	-1	1
1.432	716	0	-1	1
1.434	717	0	-1	1
1.436	718	0	-1	1
1.438	719	0	-1	1
1.44	720	0	-1	1
1.442	721	0	-1	1
1.444	722	0	-1	1
1.446	723	0	-1	1
1.448	724	0	-1	1
1.45	725	0	-1	1
1.452	726	0	-1	1
1.454	727	0	-1	1
1.456	728	0	-1	1
1.458	729	0	-1	1
1.46	730	0	-1	1
1.462	731	0	-1	1
1.464	732	0	-1	1
1.466	733	0	-1	1
1.468	734	0	-1	1
1.47	735	0	-1	1
1.472	736	0	-1	1
1.474	737	0	-1	1
1.476	738	0	-1	1
1.478	739	0	-1	1
1.48	740	0	-1	1
1.482	741	0	-1	1
1.484	742	0	-1	1
1.486	743	0	-1	1
1.488	744	0	-1	1
1.49	745	0	-1	1
1.492	746	0	-1	1
1.494	747	0	-1	1
1.496	748	0	-1	1
1.498	749	0	-1	1
