#SLFR RTP P_control_Test
#kp=2.0
#t	n	u	v	$\theta$	a
0	0	0	0	0	0
0.002	1	0	0	0	0
0.004	2	0	0	0	0
0.006	3	0	0	0	0
0.008	4	0	0	0	0
0.01	5	0	0	0	0
0.012	6	0	0	0	0
0.014	7	0	0	0	0
0.016	8	0	0	0	0
0.018	9	0	0	0	0
0.02	10	0	0	0	0
0.022	11	0	0	0	0
0.024	12	0	0	0	0
0.026	13	0	0	0	0
0.028	14	0	0	0	0
0.03	15	0	0	0	0
0.032	16	0	0	0	0
0.034	17	0	0	0	0
0.036	18	0	0	0	0
0.038	19	0	0	0	0
0.04	20	0	0	0	0
0.042	21	0	0	0	0
0.044	22	0	0	0	0
0.046	23	0	0	0	0
0.048	24	0	0	0	0
0.05	25	0	0	0	0
0.052	26	0	0	0	0
0.054	27	0	0	0	0
0.056	28	0	0	0	0
0.058	29	0	0	0	0
0.06	30	0	0	0	0
0.062	31	0	0	0	0
0.064	32	0	0	0	0
0.066	33	0	0	0	0
0.068	34	0	0	0	0
0.07	35	0	0	0	0
0.072	36	0	0	0	0
0.074	37	0	0	0	0
0.076	38	0	0	0	0
0.078	39	0	0	0	0
0.08	40	0	0	0	0
0.082	41	0	0	0	0
0.084	42	0	0	0	0
0.086	43	0	0	0	0
0.088	44	0	0	0	0
0.09	45	0	0	0	0
0.092	46	0	0	0	-1
0.094	47	0	0	0	0
0.096	48	0	0	0	-1
0.098	49	0	0	0	0
0.1	50	50	100	0	-1
0.102	51	50	100	0	0
0.104	52	50	100	0	0
0.106	53	50	100	1	-1
0.108	54	50	98	1	3
0.11	55	50	98	2	1
0.112	56	50	96	2	-2
0.114	57	50	96	3	-6
0.116	58	50	94	4	-7
0.118	59	50	92	4	-11
0.12	60	50	92	5	-7
0.122	61	50	90	6	-11
0.124	62	50	88	7	-8
0.126	63	50	86	8	-6
0.128	64	50	84	9	0
0.13	65	50	82	10	0
0.132	66	50	80	11	3
0.134	67	50	78	12	0
0.136	68	50	76	13	6
0.138	69	50	74	14	8
0.14	70	50	72	15	9
0.142	71	50	70	16	11
0.144	72	50	68	17	20
0.146	73	50	66	18	22
0.148	74	50	64	19	29
0.15	75	50	62	20	26
0.152	76	50	60	21	28
0.154	77	50	58	22	27
0.156	78	50	56	23	26
0.158	79	50	54	24	24
0.16	80	50	52	25	25
0.162	81	50	50	26	20
0.164	82	50	48	27	24
0.166	83	50	46	27	23
0.168	84	50	46	28	23
0.17	85	50	44	29	19
0.172	86	50	42	30	17
0.174	87	50	40	30	14
0.176	88	50	40	31	13
0.178	89	50	38	31	12
0.18	90	50	38	32	8
0.182	91	50	36	32	13
0.184	92	50	36	33	14
0.186	93	50	34	33	15
0.188	94	50	34	33	17
0.19	95	50	34	34	18
0.192	96	50	32	34	15
0.194	97	50	32	34	17
0.196	98	50	32	35	17
0.198	99	50	30	35	19
0.2	100	50	30	35	21
0.202	101	50	30	35	23
0.204	102	50	30	35	26
0.206	103	50	30	36	27
0.208	104	50	28	36	24
0.21	105	50	28	36	22
0.212	106	50	28	36	21
0.214	107	50	28	36	17
0.216	108	50	28	37	16
0.218	109	50	26	37	14
0.22	110	50	26	37	13
0.222	111	50	26	37	12
0.224	112	50	26	37	11
0.226	113	50	26	37	6
0.228	114	50	26	37	4
0.23	115	50	26	38	0
0.232	116	50	24	38	-2
0.234	117	50	24	38	-4
0.236	118	50	24	38	-4
0.238	119	50	24	38	-4
0.24	120	50	24	38	-2
0.242	121	50	24	38	-1
0.244	122	50	24	39	-1
0.246	123	50	22	39	0
0.248	124	50	22	39	-1
0.25	125	50	22	39	-2
0.252	126	50	22	39	-1
0.254	127	50	22	40	0
0.256	128	50	20	40	0
0.258	129	50	20	40	3
0.26	130	50	20	40	4
0.262	131	50	20	41	6
0.264	132	50	18	41	6
0.266	133	50	18	42	4
0.268	134	50	16	42	2
0.27	135	50	16	42	-18
0.272	136	50	16	43	-4
0.274	137	50	14	43	-4
0.276	138	50	14	43	-4
0.278	139	50	14	44	-7
0.28	140	50	12	44	-5
0.282	141	50	12	44	-7
0.284	142	50	12	45	-5
0.286	143	50	10	45	-15
0.288	144	50	10	46	-23
0.29	145	50	8	46	-20
0.292	146	50	8	46	-19
0.294	147	50	8	47	-17
0.296	148	50	6	47	-14
0.298	149	50	6	47	-13
0.3	150	50	6	48	-14
0.302	151	50	4	48	-7
0.304	152	50	4	49	-15
0.306	153	50	2	49	-15
0.308	154	50	2	49	-18
0.31	155	50	2	50	-17
0.312	156	50	0	50	-13
0.314	157	50	0	51	-5
0.316	158	50	-2	51	-12
0.318	159	50	-2	51	-4
0.32	160	50	-2	52	-7
0.322	161	50	-4	52	-8
0.324	162	50	-4	53	-10
0.326	163	50	-6	53	-16
0.328	164	50	-6	53	-21
0.33	165	50	-6	54	-14
0.332	166	50	-8	54	-17
0.334	167	50	-8	54	-17
0.336	168	50	-8	55	-15
0.338	169	50	-10	55	-17
0.34	170	50	-10	55	-16
0.342	171	50	-10	56	-18
0.344	172	50	-12	56	-24
0.346	173	50	-12	56	-28
0.348	174	50	-12	57	-25
0.35	175	50	-14	57	-25
0.352	176	50	-14	57	-19
0.354	177	50	-14	58	-19
0.356	178	50	-16	58	-17
0.358	179	50	-16	58	-16
0.36	180	50	-16	58	-14
0.362	181	50	-16	59	-17
0.364	182	50	-18	59	-19
0.366	183	50	-18	59	-21
0.368	184	50	-18	59	-16
0.37	185	50	-18	59	-12
0.372	186	50	-18	60	-11
0.374	187	50	-20	60	-12
0.376	188	50	-20	60	-9
0.378	189	50	-20	60	-9
0.38	190	50	-20	60	-11
0.382	191	50	-20	61	-15
0.384	192	50	-22	61	-20
0.386	193	50	-22	61	-20
0.388	194	50	-22	61	-18
0.39	195	50	-22	61	-17
0.392	196	50	-22	61	-16
0.394	197	50	-22	61	-17
0.396	198	50	-22	62	-16
0.398	199	50	-24	62	-16
0.4	200	50	-24	62	-20
0.402	201	50	-24	62	-23
0.404	202	50	-24	62	-24
0.406	203	50	-24	62	-22
0.408	204	50	-24	62	-18
0.41	205	50	-24	62	-16
0.412	206	50	-24	62	-15
0.414	207	50	-24	62	-12
0.416	208	50	-24	62	-10
0.418	209	50	-24	62	-10
0.42	210	50	-24	62	-12
0.422	211	50	-24	62	-14
0.424	212	50	-24	62	-14
0.426	213	50	-24	62	-10
0.428	214	50	-24	62	-7
0.43	215	50	-24	62	-7
0.432	216	50	-24	62	-6
0.434	217	50	-24	62	-5
0.436	218	50	-24	62	-6
0.438	219	50	-24	62	-8
0.44	220	50	-24	62	-12
0.442	221	50	-24	62	-14
0.444	222	50	-24	62	-13
0.446	223	50	-24	62	-12
0.448	224	50	-24	62	-10
0.45	225	50	-24	62	-10
0.452	226	50	-24	62	-10
0.454	227	50	-24	62	-8
0.456	228	50	-24	62	-8
0.458	229	50	-24	62	-10
0.46	230	50	-24	62	-13
0.462	231	50	-24	62	-11
0.464	232	50	-24	62	-9
0.466	233	50	-24	62	-6
0.468	234	50	-24	62	-3
0.47	235	50	-24	61	-2
0.472	236	50	-22	61	0
0.474	237	50	-22	61	1
0.476	238	50	-22	61	1
0.478	239	50	-22	61	0
0.48	240	50	-22	61	-1
0.482	241	50	-22	60	0
0.484	242	50	-20	60	3
0.486	243	50	-20	60	3
0.488	244	50	-20	60	4
0.49	245	50	-20	60	3
0.492	246	50	-20	59	4
0.494	247	50	-18	59	3
0.496	248	50	-18	59	0
0.498	249	50	-18	59	-2
0.5	250	50	-18	58	-2
0.502	251	50	-16	58	-2
0.504	252	50	-16	58	-1
0.506	253	50	-16	57	0
0.508	254	50	-14	57	0
0.51	255	50	-14	57	0
0.512	256	50	-14	56	3
0.514	257	50	-12	56	12
0.516	258	50	-12	56	-6
0.518	259	50	-12	56	-4
0.52	260	50	-12	55	-3
0.522	261	50	-10	55	-2
0.524	262	50	-10	55	2
0.526	263	50	-10	54	1
0.528	264	50	-8	54	4
0.53	265	50	-8	54	10
0.532	266	50	-8	53	15
0.534	267	50	-6	53	6
0.536	268	50	-6	53	8
0.538	269	50	-6	53	0
0.54	270	50	-6	52	4
0.542	271	50	-4	52	7
0.544	272	50	-4	52	8
0.546	273	50	-4	52	7
0.548	274	50	-4	51	14
0.55	275	50	-2	51	11
0.552	276	50	-2	51	15
0.554	277	50	-2	51	10
0.556	278	50	-2	50	2
0.558	279	50	0	50	1
0.56	280	50	0	50	4
0.562	281	50	0	50	3
0.564	282	50	0	49	7
0.566	283	50	2	49	7
0.568	284	50	2	49	8
0.57	285	50	2	49	12
0.572	286	50	2	48	10
0.574	287	50	4	48	4
0.576	288	50	4	48	3
0.578	289	50	4	48	2
0.58	290	50	4	48	5
0.582	291	50	4	47	9
0.584	292	50	6	47	9
0.586	293	50	6	47	13
0.588	294	50	6	47	16
0.59	295	50	6	47	15
0.592	296	50	6	46	13
0.594	297	50	8	46	10
0.596	298	50	8	46	6
0.598	299	50	8	46	10
0.6	300	50	8	46	12
0.602	301	50	8	46	13
0.604	302	50	8	45	13
0.606	303	50	10	45	14
0.608	304	50	10	45	16
0.61	305	50	10	45	15
0.612	306	50	10	45	8
0.614	307	50	10	45	5
0.616	308	50	10	44	5
0.618	309	50	12	44	6
0.62	310	50	12	44	9
0.622	311	50	12	44	9
0.624	312	50	12	44	9
0.626	313	50	12	44	12
0.628	314	50	12	44	12
0.63	315	50	12	44	9
0.632	316	50	12	43	5
0.634	317	50	14	43	3
0.636	318	50	14	43	5
0.638	319	50	14	43	8
0.64	320	50	14	43	10
0.642	321	50	14	43	11
0.644	322	50	14	43	13
0.646	323	50	14	43	14
0.648	324	50	14	43	14
0.65	325	50	14	43	9
0.652	326	50	14	43	6
0.654	327	50	14	43	5
0.656	328	50	14	43	8
0.658	329	50	14	43	10
0.66	330	50	14	43	11
0.662	331	50	14	43	11
0.664	332	50	14	43	12
0.666	333	50	14	43	12
0.668	334	50	14	43	9
0.67	335	50	14	43	4
0.672	336	50	14	43	2
0.674	337	50	14	43	2
0.676	338	50	14	43	6
0.678	339	50	14	43	7
0.68	340	50	14	43	8
0.682	341	50	14	43	7
0.684	342	50	14	43	8
0.686	343	50	14	43	6
0.688	344	50	14	43	4
0.69	345	50	14	43	1
0.692	346	50	14	43	0
0.694	347	50	14	43	4
0.696	348	50	14	43	6
0.698	349	50	14	43	8
0.7	350	50	14	43	8
0.702	351	50	14	43	8
0.704	352	50	14	43	8
0.706	353	50	14	43	5
0.708	354	50	14	43	2
0.71	355	50	14	43	0
0.712	356	50	14	43	1
0.714	357	50	14	44	3
0.716	358	50	12	44	5
0.718	359	50	12	44	5
0.72	360	50	12	44	4
0.722	361	50	12	44	3
0.724	362	50	12	44	2
0.726	363	50	12	44	0
0.728	364	50	12	44	-4
0.73	365	50	12	44	-4
0.732	366	50	12	44	-2
0.734	367	50	12	44	0
0.736	368	50	12	44	0
0.738	369	50	12	44	0
0.74	370	50	12	44	0
0.742	371	50	12	45	0
0.744	372	50	10	45	-1
0.746	373	50	10	45	-2
0.748	374	50	10	45	-4
0.75	375	50	10	45	-4
0.752	376	50	10	45	-2
0.754	377	50	10	45	0
0.756	378	50	10	46	0
0.758	379	50	8	46	0
0.76	380	50	8	46	0
0.762	381	50	8	46	-1
0.764	382	50	8	47	-3
0.766	383	50	6	47	-6
0.768	384	50	6	47	-11
0.77	385	50	6	47	-4
0.772	386	50	6	47	0
0.774	387	50	6	47	0
0.776	388	50	6	47	0
0.778	389	50	6	48	3
0.78	390	50	4	48	-4
0.782	391	50	4	48	-2
0.784	392	50	4	48	-5
0.786	393	50	4	48	-9
0.788	394	50	4	48	-10
0.79	395	50	4	49	-3
0.792	396	50	2	49	-3
0.794	397	50	2	49	0
0.796	398	50	2	49	-3
0.798	399	50	2	49	-5
0.8	400	50	2	49	-4
0.802	401	50	2	49	-8
0.804	402	50	2	50	-11
0.806	403	50	0	50	-9
0.808	404	50	0	50	-9
0.81	405	50	0	50	-5
0.812	406	50	0	50	-1
0.814	407	50	0	50	-4
0.816	408	50	0	50	-4
0.818	409	50	0	51	-5
0.82	410	50	-2	51	-6
0.822	411	50	-2	51	-7
0.824	412	50	-2	51	-8
0.826	413	50	-2	51	-10
0.828	414	50	-2	51	-5
0.83	415	50	-2	51	-3
0.832	416	50	-2	51	-3
0.834	417	50	-2	52	-3
0.836	418	50	-4	52	-4
0.838	419	50	-4	52	-6
0.84	420	50	-4	52	-6
0.842	421	50	-4	52	-10
0.844	422	50	-4	52	-11
0.846	423	50	-4	52	-8
0.848	424	50	-4	52	-6
0.85	425	50	-4	53	-3
0.852	426	50	-6	53	-4
0.854	427	50	-6	53	-6
0.856	428	50	-6	53	-6
0.858	429	50	-6	53	-7
0.86	430	50	-6	53	-10
0.862	431	50	-6	53	-10
0.864	432	50	-6	53	-10
0.866	433	50	-6	53	-8
0.868	434	50	-6	53	-4
0.87	435	50	-6	53	-3
0.872	436	50	-6	53	-4
0.874	437	50	-6	54	-4
0.876	438	50	-8	54	-6
0.878	439	50	-8	54	-7
0.88	440	50	-8	54	-7
0.882	441	50	-8	54	-9
0.884	442	50	-8	54	-7
0.886	443	50	-8	54	-3
0.888	444	50	-8	54	-3
0.89	445	50	-8	54	-2
0.892	446	50	-8	54	-3
0.894	447	50	-8	54	-5
0.896	448	50	-8	54	-5
0.898	449	50	-8	54	-7
0.9	450	50	-8	54	-9
0.902	451	50	-8	54	-7
0.904	452	50	-8	54	-7
0.906	453	50	-8	54	-5
0.908	454	50	-8	54	-2
0.91	455	50	-8	54	-4
0.912	456	50	-8	54	-6
0.914	457	50	-8	54	-5
0.916	458	50	-8	54	-7
0.918	459	50	-8	54	-8
0.92	460	50	-8	54	-7
0.922	461	50	-8	54	-7
0.924	462	50	-8	54	-3
0.926	463	50	-8	54	-2
0.928	464	50	-8	54	-2
0.93	465	50	-8	54	-3
0.932	466	50	-8	54	-3
0.934	467	50	-8	54	-5
0.936	468	50	-8	54	-5
0.938	469	50	-8	54	-6
0.94	470	50	-8	54	-5
0.942	471	50	-8	54	-3
0.944	472	50	-8	54	-1
0.946	473	50	-8	54	0
0.948	474	50	-8	54	0
0.95	475	50	-8	54	-1
0.952	476	50	-8	54	-2
0.954	477	50	-8	54	-2
0.956	478	50	-8	54	-4
0.958	479	50	-8	54	-5
0.96	480	50	-8	54	-3
0.962	481	50	-8	53	-2
0.964	482	50	-6	53	0
0.966	483	50	-6	53	0
0.968	484	50	-6	53	0
0.97	485	50	-6	53	0
0.972	486	50	-6	53	-1
0.974	487	50	-6	53	-3
0.976	488	50	-6	53	-2
0.978	489	50	-6	53	-3
0.98	490	50	-6	53	0
0.982	491	50	-6	53	2
0.984	492	50	-6	53	2
0.986	493	50	-6	53	2
0.988	494	50	-6	53	2
0.99	495	50	-6	53	0
0.992	496	50	-6	52	0
0.994	497	50	-4	52	1
0.996	498	50	-4	52	2
0.998	499	50	-4	52	1
1	500	50	-4	52	7
1.002	501	50	-4	52	2
1.004	502	50	-4	52	0
1.006	503	50	-4	52	-1
1.008	504	50	-4	52	0
1.01	505	50	-4	52	-2
1.012	506	50	-4	52	0
1.014	507	50	-4	52	-2
1.016	508	50	-4	52	1
1.018	509	50	-4	51	2
1.02	510	50	-2	51	2
1.022	511	50	-2	51	0
1.024	512	50	-2	51	0
1.026	513	50	-2	51	-1
1.028	514	50	-2	51	0
1.03	515	50	-2	51	1
1.032	516	50	-2	51	1
1.034	517	50	-2	51	3
1.036	518	50	-2	51	5
1.038	519	50	-2	51	6
1.04	520	50	-2	50	8
1.042	521	50	0	50	4
1.044	522	50	0	50	3
1.046	523	50	0	50	4
1.048	524	50	0	50	3
1.05	525	50	0	50	4
1.052	526	50	0	50	5
1.054	527	50	0	50	4
1.056	528	50	0	50	5
1.058	529	50	0	50	7
1.06	530	50	0	50	3
1.062	531	50	0	50	1
1.064	532	50	0	50	1
1.066	533	50	0	49	0
1.068	534	50	2	49	1
1.07	535	50	2	49	1
1.072	536	50	2	49	1
1.074	537	50	2	49	3
1.076	538	50	2	49	4
1.078	539	50	2	49	2
1.08	540	50	2	49	2
1.082	541	50	2	49	1
1.084	542	50	2	49	1
1.086	543	50	2	49	3
1.088	544	50	2	49	3
1.09	545	50	2	49	3
1.092	546	50	2	49	4
1.094	547	50	2	49	6
1.096	548	50	2	49	7
1.098	549	50	2	49	6
1.1	550	50	2	49	5
1.102	551	50	2	48	5
1.104	552	50	4	48	4
1.106	553	50	4	48	5
1.108	554	50	4	48	5
1.11	555	50	4	48	5
1.112	556	50	4	48	5
1.114	557	50	4	48	5
1.116	558	50	4	48	5
1.118	559	50	4	48	2
1.12	560	50	4	48	2
1.122	561	50	4	48	0
1.124	562	50	4	48	1
1.126	563	50	4	48	1
1.128	564	50	4	48	1
1.13	565	50	4	48	1
1.132	566	50	4	48	3
1.134	567	50	4	48	2
1.136	568	50	4	48	2
1.138	569	50	4	48	1
1.14	570	50	4	48	1
1.142	571	50	4	48	2
1.144	572	50	4	48	3
1.146	573	50	4	48	3
1.148	574	50	4	48	4
1.15	575	50	4	48	5
1.152	576	50	4	48	5
1.154	577	50	4	48	5
1.156	578	50	4	48	5
1.158	579	50	4	48	3
1.16	580	50	4	48	3
1.162	581	50	4	48	3
1.164	582	50	4	48	3
1.166	583	50	4	48	3
1.168	584	50	4	48	3
1.17	585	50	4	48	3
1.172	586	50	4	48	3
1.174	587	50	4	48	1
1.176	588	50	4	48	0
1.178	589	50	4	48	0
1.18	590	50	4	48	0
1.182	591	50	4	48	0
1.184	592	50	4	48	0
1.186	593	50	4	48	0
1.188	594	50	4	48	0
1.19	595	50	4	48	0
1.192	596	50	4	48	0
1.194	597	50	4	48	0
1.196	598	50	4	48	0
1.198	599	50	4	48	-1
1.2	600	50	4	48	0
1.202	601	50	4	48	0
1.204	602	50	4	48	0
1.206	603	50	4	48	1
1.208	604	50	4	48	2
1.21	605	50	4	48	2
1.212	606	50	4	48	2
1.214	607	50	4	48	0
1.216	608	50	4	48	0
1.218	609	50	4	48	0
1.22	610	50	4	48	0
1.222	611	50	4	48	0
1.224	612	50	4	48	0
1.226	613	50	4	48	0
1.228	614	50	4	48	0
1.23	615	50	4	48	-2
1.232	616	50	4	48	-3
1.234	617	50	4	48	-3
1.236	618	50	4	48	-2
1.238	619	50	4	48	-3
1.24	620	50	4	48	-3
1.242	621	50	4	48	-4
1.244	622	50	4	48	-3
1.246	623	50	4	48	-3
1.248	624	50	4	48	-2
1.25	625	50	4	49	-3
1.252	626	50	2	49	-3
1.254	627	50	2	49	-3
1.256	628	50	2	49	-2
1.258	629	50	2	49	-2
1.26	630	50	2	49	-3
1.262	631	50	2	49	-3
1.264	632	50	2	49	1
1.266	633	50	2	49	2
1.268	634	50	2	49	2
1.27	635	50	2	49	4
1.272	636	50	2	49	-1
1.274	637	50	2	49	1
1.276	638	50	2	50	1
1.278	639	50	0	50	-2
1.28	640	50	0	50	-3
1.282	641	50	0	50	0
1.284	642	50	0	50	-1
1.286	643	50	0	50	0
1.288	644	50	0	50	-1
1.29	645	50	0	50	-5
1.292	646	50	0	50	-4
1.294	647	50	0	50	-3
1.296	648	50	0	50	-7
1.298	649	50	0	50	-5
1.3	650	50	0	50	-7
1.302	651	50	0	50	-6
1.304	652	50	0	50	-2
1.306	653	50	0	50	-3
1.308	654	50	0	50	-4
1.31	655	50	0	50	-3
1.312	656	50	0	50	-4
1.314	657	50	0	50	-3
1.316	658	50	0	50	-2
1.318	659	50	0	50	-3
1.32	660	50	0	50	-1
1.322	661	50	0	51	0
1.324	662	50	-2	51	1
1.326	663	50	-2	51	1
1.328	664	50	-2	51	0
1.33	665	50	-2	51	-2
1.332	666	50	-2	51	0
1.334	667	50	-2	51	-1
1.336	668	50	-2	51	-3
1.338	669	50	-2	51	-3
1.34	670	50	-2	51	-2
1.342	671	50	-2	51	-1
1.344	672	50	-2	51	0
1.346	673	50	-2	51	-3
1.348	674	50	-2	51	-5
1.35	675	50	-2	51	-4
1.352	676	50	-2	51	-6
1.354	677	50	-2	51	-6
1.356	678	50	-2	51	-6
1.358	679	50	-2	51	-6
1.36	680	50	-2	51	-4
1.362	681	50	-2	51	-2
1.364	682	50	-2	51	-3
1.366	683	50	-2	51	-3
1.368	684	50	-2	51	-2
1.37	685	50	-2	51	-2
1.372	686	50	-2	51	-1
1.374	687	50	-2	51	-2
1.376	688	50	-2	51	-2
1.378	689	50	-2	51	0
1.38	690	50	-2	51	0
1.382	691	50	-2	51	1
1.384	692	50	-2	51	1
1.386	693	50	-2	51	0
1.388	694	50	-2	51	-1
1.39	695	50	-2	51	0
1.392	696	50	-2	51	-2
1.394	697	50	-2	51	-2
1.396	698	50	-2	51	-2
1.398	699	50	-2	51	-1
1.4	700	50	-2	51	-1
1.402	701	50	-2	51	-2
1.404	702	50	-2	51	-4
1.406	703	50	-2	51	-4
1.408	704	50	-2	51	-4
1.41	705	50	-2	51	-4
1.412	706	50	-2	51	-4
1.414	707	50	-2	51	-4
1.416	708	50	-2	51	-3
1.418	709	50	-2	51	-1
1.42	710	50	-2	51	-1
1.422	711	50	-2	51	-1
1.424	712	50	-2	51	-1
1.426	713	50	-2	51	-2
1.428	714	50	-2	51	0
1.43	715	50	-2	51	0
1.432	716	50	-2	51	0
1.434	717	50	-2	51	1
1.436	718	50	-2	51	2
1.438	719	50	-2	51	2
1.44	720	50	-2	51	3
1.442	721	50	-2	51	1
1.444	722	50	-2	51	0
1.446	723	50	-2	51	1
1.448	724	50	-2	51	0
1.45	725	50	-2	51	0
1.452	726	50	-2	50	0
1.454	727	50	0	50	0
1.456	728	50	0	50	0
1.458	729	50	0	50	0
1.46	730	50	0	50	0
1.462	731	50	0	50	0
1.464	732	50	0	50	0
1.466	733	50	0	50	0
1.468	734	50	0	50	2
1.47	735	50	0	50	0
1.472	736	50	0	50	-5
1.474	737	50	0	50	-4
1.476	738	50	0	50	-2
1.478	739	50	0	50	-5
1.48	740	50	0	50	0
1.482	741	50	0	50	-3
1.484	742	50	0	50	-1
1.486	743	50	0	50	3
1.488	744	50	0	50	3
1.49	745	50	0	50	0
1.492	746	50	0	50	1
1.494	747	50	0	50	-1
1.496	748	50	0	50	1
1.498	749	50	0	50	3
1.5	750	50	0	50	1
1.502	751	50	0	50	2
1.504	752	50	0	50	6
1.506	753	50	0	50	5
1.508	754	50	0	50	6
1.51	755	50	0	50	3
1.512	756	50	0	50	0
1.514	757	50	0	50	1
1.516	758	50	0	50	1
1.518	759	50	0	50	1
1.52	760	50	0	50	2
1.522	761	50	0	50	1
1.524	762	50	0	50	1
1.526	763	50	0	50	3
1.528	764	50	0	50	0
1.53	765	50	0	50	-1
1.532	766	50	0	50	-2
1.534	767	50	0	50	-1
1.536	768	50	0	50	0
1.538	769	50	0	50	1
1.54	770	50	0	50	0
1.542	771	50	0	50	2
1.544	772	50	0	50	4
1.546	773	50	0	50	3
1.548	774	50	0	50	2
1.55	775	50	0	50	1
1.552	776	50	0	50	0
1.554	777	50	0	50	3
1.556	778	50	0	50	4
1.558	779	50	0	50	3
1.56	780	50	0	50	4
1.562	781	50	0	49	5
1.564	782	50	2	49	5
1.566	783	50	2	49	5
1.568	784	50	2	49	2
1.57	785	50	2	49	0
1.572	786	50	2	49	2
1.574	787	50	2	49	0
1.576	788	50	2	49	1
1.578	789	50	2	49	1
1.58	790	50	2	49	0
1.582	791	50	2	49	1
1.584	792	50	2	49	1
1.586	793	50	2	49	-1
1.588	794	50	2	49	0
1.59	795	50	2	49	-2
1.592	796	50	2	49	-1
1.594	797	50	2	49	0
1.596	798	50	2	49	0
1.598	799	50	2	49	0
1.6	800	50	2	49	2
1.602	801	50	2	49	3
1.604	802	50	2	49	2
1.606	803	50	2	49	2
1.608	804	50	2	49	0
1.61	805	50	2	49	1
1.612	806	50	2	49	3
1.614	807	50	2	49	2
1.616	808	50	2	49	3
1.618	809	50	2	49	3
1.62	810	50	2	49	3
1.622	811	50	2	49	3
1.624	812	50	2	49	2
1.626	813	50	2	49	0
1.628	814	50	2	49	0
1.63	815	50	2	49	0
1.632	816	50	2	49	0
1.634	817	50	2	49	0
1.636	818	50	2	49	0
1.638	819	50	2	49	0
1.64	820	50	2	49	0
1.642	821	50	2	49	-2
1.644	822	50	2	49	-2
1.646	823	50	2	49	-1
1.648	824	50	2	49	-3
1.65	825	50	2	49	-1
1.652	826	50	2	49	0
1.654	827	50	2	49	-1
1.656	828	50	2	49	0
1.658	829	50	2	49	0
1.66	830	50	2	49	0
1.662	831	50	2	49	1
1.664	832	50	2	49	0
1.666	833	50	2	49	0
1.668	834	50	2	49	1
1.67	835	50	2	49	1
1.672	836	50	2	49	2
1.674	837	50	2	49	1
1.676	838	50	2	49	1
1.678	839	50	2	49	1
1.68	840	50	2	49	0
1.682	841	50	2	49	0
1.684	842	50	2	49	-1
1.686	843	50	2	49	-1
1.688	844	50	2	49	-2
1.69	845	50	2	49	-2
1.692	846	50	2	49	-2
1.694	847	50	2	49	-3
1.696	848	50	2	49	-2
1.698	849	50	2	49	-2
1.7	850	50	2	49	-3
1.702	851	50	2	49	-3
1.704	852	50	2	49	-3
1.706	853	50	2	49	-1
1.708	854	50	2	49	-1
1.71	855	50	2	49	-1
1.712	856	50	2	49	-1
1.714	857	50	2	49	-1
1.716	858	50	2	50	-1
1.718	859	50	0	50	-1
1.72	860	50	0	50	-3
1.722	861	50	0	50	-2
1.724	862	50	0	50	0
1.726	863	50	0	50	-4
1.728	864	50	0	50	-1
1.73	865	50	0	50	2
1.732	866	50	0	50	2
1.734	867	50	0	50	1
1.736	868	50	0	50	2
1.738	869	50	0	50	-2
1.74	870	50	0	50	1
1.742	871	50	0	50	0
1.744	872	50	0	50	-3
1.746	873	50	0	50	-3
1.748	874	50	0	50	0
1.75	875	50	0	50	-1
1.752	876	50	0	50	1
1.754	877	50	0	50	-1
1.756	878	50	0	50	-3
1.758	879	50	0	50	-2
1.76	880	50	0	50	-4
1.762	881	50	0	50	-5
1.764	882	50	0	50	-4
1.766	883	50	0	50	-5
1.768	884	50	0	50	-3
1.77	885	50	0	50	0
1.772	886	50	0	50	-2
1.774	887	50	0	50	-2
1.776	888	50	0	50	-2
1.778	889	50	0	50	-3
1.78	890	50	0	50	-2
1.782	891	50	0	50	-2
1.784	892	50	0	50	-4
1.786	893	50	0	50	0
1.788	894	50	0	50	1
1.79	895	50	0	50	0
1.792	896	50	0	50	1
1.794	897	50	0	50	0
1.796	898	50	0	50	-1
1.798	899	50	0	50	0
1.8	900	50	0	50	-2
1.802	901	50	0	50	-2
1.804	902	50	0	50	-1
1.806	903	50	0	50	-1
1.808	904	50	0	50	0
1.81	905	50	0	50	0
1.812	906	50	0	50	-4
1.814	907	50	0	50	-3
1.816	908	50	0	50	-3
1.818	909	50	0	50	-5
1.82	910	50	0	50	-4
1.822	911	50	0	50	-5
1.824	912	50	0	50	-3
1.826	913	50	0	50	-1
1.828	914	50	0	50	-1
1.83	915	50	0	50	-2
1.832	916	50	0	50	-1
1.834	917	50	0	50	-2
1.836	918	50	0	50	-1
1.838	919	50	0	50	-1
1.84	920	50	0	50	-2
1.842	921	50	0	50	-1
1.844	922	50	0	50	1
1.846	923	50	0	50	1
1.848	924	50	0	50	1
1.85	925	50	0	50	1
1.852	926	50	0	50	0
1.854	927	50	0	50	0
1.856	928	50	0	50	0
1.858	929	50	0	50	-2
1.86	930	50	0	50	-1
1.862	931	50	0	50	0
1.864	932	50	0	50	-1
1.866	933	50	0	50	0
1.868	934	50	0	49	-1
1.87	935	50	2	49	-2
1.872	936	50	2	49	-2
1.874	937	50	2	49	-2
1.876	938	50	2	49	-3
1.878	939	50	2	49	-3
1.88	940	50	2	49	-2
1.882	941	50	2	49	0
1.884	942	50	2	49	0
1.886	943	50	2	49	1
1.888	944	50	2	49	0
1.89	945	50	2	49	-1
1.892	946	50	2	49	0
1.894	947	50	2	49	0
1.896	948	50	2	49	-3
1.898	949	50	2	49	-2
1.9	950	50	2	49	-1
1.902	951	50	2	49	0
1.904	952	50	2	49	3
1.906	953	50	2	49	0
1.908	954	50	2	49	0
1.91	955	50	2	49	1
1.912	956	50	2	49	0
1.914	957	50	2	49	-2
1.916	958	50	2	49	0
1.918	959	50	2	49	-2
1.92	960	50	2	49	0
1.922	961	50	2	49	1
1.924	962	50	2	49	0
1.926	963	50	2	49	1
1.928	964	50	2	49	1
1.93	965	50	2	49	0
1.932	966	50	2	49	1
1.934	967	50	2	49	0
1.936	968	50	2	49	-2
1.938	969	50	2	49	0
1.94	970	50	2	49	1
1.942	971	50	2	49	1
1.944	972	50	2	49	3
1.946	973	50	2	49	1
1.948	974	50	2	49	0
1.95	975	50	2	49	2
1.952	976	50	2	49	0
1.954	977	50	2	49	0
1.956	978	50	2	49	0
1.958	979	50	2	49	0
1.96	980	50	2	49	2
1.962	981	50	2	49	3
1.964	982	50	2	49	1
1.966	983	50	2	49	1
1.968	984	50	2	49	1
1.97	985	50	2	49	0
1.972	986	50	2	49	1
1.974	987	50	2	49	0
1.976	988	50	2	49	-1
1.978	989	50	2	49	1
1.98	990	50	2	49	2
1.982	991	50	2	49	2
1.984	992	50	2	49	2
1.986	993	50	2	49	1
1.988	994	50	2	49	1
1.99	995	50	2	49	2
1.992	996	50	2	49	0
1.994	997	50	2	49	0
1.996	998	50	2	49	2
1.998	999	50	2	49	2
